--------------------------------------------------------------------------------
CPU name:	AMD EPYC 7763 64-Core Processor                
CPU type:	AMD K19 (Zen3) architecture
CPU stepping:	1
********************************************************************************
Hardware Thread Topology
********************************************************************************
Sockets:		2
Cores per socket:	64
Threads per core:	2
--------------------------------------------------------------------------------
HWThread        Thread        Core        Die        Socket        Available
0               0             0           0          0             *                
1               0             1           0          0             *                
2               0             2           0          0             *                
3               0             3           0          0             *                
4               0             4           0          0             *                
5               0             5           0          0             *                
6               0             6           0          0             *                
7               0             7           0          0             *                
8               0             8           0          0             *                
9               0             9           0          0             *                
10              0             10          0          0             *                
11              0             11          0          0             *                
12              0             12          0          0             *                
13              0             13          0          0             *                
14              0             14          0          0             *                
15              0             15          0          0             *                
16              0             16          0          0             *                
17              0             17          0          0             *                
18              0             18          0          0             *                
19              0             19          0          0             *                
20              0             20          0          0             *                
21              0             21          0          0             *                
22              0             22          0          0             *                
23              0             23          0          0             *                
24              0             24          0          0             *                
25              0             25          0          0             *                
26              0             26          0          0             *                
27              0             27          0          0             *                
28              0             28          0          0             *                
29              0             29          0          0             *                
30              0             30          0          0             *                
31              0             31          0          0             *                
32              0             32          0          0             *                
33              0             33          0          0             *                
34              0             34          0          0             *                
35              0             35          0          0             *                
36              0             36          0          0             *                
37              0             37          0          0             *                
38              0             38          0          0             *                
39              0             39          0          0             *                
40              0             40          0          0             *                
41              0             41          0          0             *                
42              0             42          0          0             *                
43              0             43          0          0             *                
44              0             44          0          0             *                
45              0             45          0          0             *                
46              0             46          0          0             *                
47              0             47          0          0             *                
48              0             48          0          0             *                
49              0             49          0          0             *                
50              0             50          0          0             *                
51              0             51          0          0             *                
52              0             52          0          0             *                
53              0             53          0          0             *                
54              0             54          0          0             *                
55              0             55          0          0             *                
56              0             56          0          0             *                
57              0             57          0          0             *                
58              0             58          0          0             *                
59              0             59          0          0             *                
60              0             60          0          0             *                
61              0             61          0          0             *                
62              0             62          0          0             *                
63              0             63          0          0             *                
64              0             64          0          1             *                
65              0             65          0          1             *                
66              0             66          0          1             *                
67              0             67          0          1             *                
68              0             68          0          1             *                
69              0             69          0          1             *                
70              0             70          0          1             *                
71              0             71          0          1             *                
72              0             72          0          1             *                
73              0             73          0          1             *                
74              0             74          0          1             *                
75              0             75          0          1             *                
76              0             76          0          1             *                
77              0             77          0          1             *                
78              0             78          0          1             *                
79              0             79          0          1             *                
80              0             80          0          1             *                
81              0             81          0          1             *                
82              0             82          0          1             *                
83              0             83          0          1             *                
84              0             84          0          1             *                
85              0             85          0          1             *                
86              0             86          0          1             *                
87              0             87          0          1             *                
88              0             88          0          1             *                
89              0             89          0          1             *                
90              0             90          0          1             *                
91              0             91          0          1             *                
92              0             92          0          1             *                
93              0             93          0          1             *                
94              0             94          0          1             *                
95              0             95          0          1             *                
96              0             96          0          1             *                
97              0             97          0          1             *                
98              0             98          0          1             *                
99              0             99          0          1             *                
100             0             100         0          1             *                
101             0             101         0          1             *                
102             0             102         0          1             *                
103             0             103         0          1             *                
104             0             104         0          1             *                
105             0             105         0          1             *                
106             0             106         0          1             *                
107             0             107         0          1             *                
108             0             108         0          1             *                
109             0             109         0          1             *                
110             0             110         0          1             *                
111             0             111         0          1             *                
112             0             112         0          1             *                
113             0             113         0          1             *                
114             0             114         0          1             *                
115             0             115         0          1             *                
116             0             116         0          1             *                
117             0             117         0          1             *                
118             0             118         0          1             *                
119             0             119         0          1             *                
120             0             120         0          1             *                
121             0             121         0          1             *                
122             0             122         0          1             *                
123             0             123         0          1             *                
124             0             124         0          1             *                
125             0             125         0          1             *                
126             0             126         0          1             *                
127             0             127         0          1             *                
128             1             0           0          0             *                
129             1             1           0          0             *                
130             1             2           0          0             *                
131             1             3           0          0             *                
132             1             4           0          0             *                
133             1             5           0          0             *                
134             1             6           0          0             *                
135             1             7           0          0             *                
136             1             8           0          0             *                
137             1             9           0          0             *                
138             1             10          0          0             *                
139             1             11          0          0             *                
140             1             12          0          0             *                
141             1             13          0          0             *                
142             1             14          0          0             *                
143             1             15          0          0             *                
144             1             16          0          0             *                
145             1             17          0          0             *                
146             1             18          0          0             *                
147             1             19          0          0             *                
148             1             20          0          0             *                
149             1             21          0          0             *                
150             1             22          0          0             *                
151             1             23          0          0             *                
152             1             24          0          0             *                
153             1             25          0          0             *                
154             1             26          0          0             *                
155             1             27          0          0             *                
156             1             28          0          0             *                
157             1             29          0          0             *                
158             1             30          0          0             *                
159             1             31          0          0             *                
160             1             32          0          0             *                
161             1             33          0          0             *                
162             1             34          0          0             *                
163             1             35          0          0             *                
164             1             36          0          0             *                
165             1             37          0          0             *                
166             1             38          0          0             *                
167             1             39          0          0             *                
168             1             40          0          0             *                
169             1             41          0          0             *                
170             1             42          0          0             *                
171             1             43          0          0             *                
172             1             44          0          0             *                
173             1             45          0          0             *                
174             1             46          0          0             *                
175             1             47          0          0             *                
176             1             48          0          0             *                
177             1             49          0          0             *                
178             1             50          0          0             *                
179             1             51          0          0             *                
180             1             52          0          0             *                
181             1             53          0          0             *                
182             1             54          0          0             *                
183             1             55          0          0             *                
184             1             56          0          0             *                
185             1             57          0          0             *                
186             1             58          0          0             *                
187             1             59          0          0             *                
188             1             60          0          0             *                
189             1             61          0          0             *                
190             1             62          0          0             *                
191             1             63          0          0             *                
192             1             64          0          1             *                
193             1             65          0          1             *                
194             1             66          0          1             *                
195             1             67          0          1             *                
196             1             68          0          1             *                
197             1             69          0          1             *                
198             1             70          0          1             *                
199             1             71          0          1             *                
200             1             72          0          1             *                
201             1             73          0          1             *                
202             1             74          0          1             *                
203             1             75          0          1             *                
204             1             76          0          1             *                
205             1             77          0          1             *                
206             1             78          0          1             *                
207             1             79          0          1             *                
208             1             80          0          1             *                
209             1             81          0          1             *                
210             1             82          0          1             *                
211             1             83          0          1             *                
212             1             84          0          1             *                
213             1             85          0          1             *                
214             1             86          0          1             *                
215             1             87          0          1             *                
216             1             88          0          1             *                
217             1             89          0          1             *                
218             1             90          0          1             *                
219             1             91          0          1             *                
220             1             92          0          1             *                
221             1             93          0          1             *                
222             1             94          0          1             *                
223             1             95          0          1             *                
224             1             96          0          1             *                
225             1             97          0          1             *                
226             1             98          0          1             *                
227             1             99          0          1             *                
228             1             100         0          1             *                
229             1             101         0          1             *                
230             1             102         0          1             *                
231             1             103         0          1             *                
232             1             104         0          1             *                
233             1             105         0          1             *                
234             1             106         0          1             *                
235             1             107         0          1             *                
236             1             108         0          1             *                
237             1             109         0          1             *                
238             1             110         0          1             *                
239             1             111         0          1             *                
240             1             112         0          1             *                
241             1             113         0          1             *                
242             1             114         0          1             *                
243             1             115         0          1             *                
244             1             116         0          1             *                
245             1             117         0          1             *                
246             1             118         0          1             *                
247             1             119         0          1             *                
248             1             120         0          1             *                
249             1             121         0          1             *                
250             1             122         0          1             *                
251             1             123         0          1             *                
252             1             124         0          1             *                
253             1             125         0          1             *                
254             1             126         0          1             *                
255             1             127         0          1             *                
--------------------------------------------------------------------------------
Socket 0:		( 0 128 1 129 2 130 3 131 4 132 5 133 6 134 7 135 8 136 9 137 10 138 11 139 12 140 13 141 14 142 15 143 16 144 17 145 18 146 19 147 20 148 21 149 22 150 23 151 24 152 25 153 26 154 27 155 28 156 29 157 30 158 31 159 32 160 33 161 34 162 35 163 36 164 37 165 38 166 39 167 40 168 41 169 42 170 43 171 44 172 45 173 46 174 47 175 48 176 49 177 50 178 51 179 52 180 53 181 54 182 55 183 56 184 57 185 58 186 59 187 60 188 61 189 62 190 63 191 )
Socket 1:		( 64 192 65 193 66 194 67 195 68 196 69 197 70 198 71 199 72 200 73 201 74 202 75 203 76 204 77 205 78 206 79 207 80 208 81 209 82 210 83 211 84 212 85 213 86 214 87 215 88 216 89 217 90 218 91 219 92 220 93 221 94 222 95 223 96 224 97 225 98 226 99 227 100 228 101 229 102 230 103 231 104 232 105 233 106 234 107 235 108 236 109 237 110 238 111 239 112 240 113 241 114 242 115 243 116 244 117 245 118 246 119 247 120 248 121 249 122 250 123 251 124 252 125 253 126 254 127 255 )
--------------------------------------------------------------------------------
********************************************************************************
Cache Topology
********************************************************************************
Level:			1
Size:			32 kB
Cache groups:		( 0 128 ) ( 1 129 ) ( 2 130 ) ( 3 131 ) ( 4 132 ) ( 5 133 ) ( 6 134 ) ( 7 135 ) ( 8 136 ) ( 9 137 ) ( 10 138 ) ( 11 139 ) ( 12 140 ) ( 13 141 ) ( 14 142 ) ( 15 143 ) ( 16 144 ) ( 17 145 ) ( 18 146 ) ( 19 147 ) ( 20 148 ) ( 21 149 ) ( 22 150 ) ( 23 151 ) ( 24 152 ) ( 25 153 ) ( 26 154 ) ( 27 155 ) ( 28 156 ) ( 29 157 ) ( 30 158 ) ( 31 159 ) ( 32 160 ) ( 33 161 ) ( 34 162 ) ( 35 163 ) ( 36 164 ) ( 37 165 ) ( 38 166 ) ( 39 167 ) ( 40 168 ) ( 41 169 ) ( 42 170 ) ( 43 171 ) ( 44 172 ) ( 45 173 ) ( 46 174 ) ( 47 175 ) ( 48 176 ) ( 49 177 ) ( 50 178 ) ( 51 179 ) ( 52 180 ) ( 53 181 ) ( 54 182 ) ( 55 183 ) ( 56 184 ) ( 57 185 ) ( 58 186 ) ( 59 187 ) ( 60 188 ) ( 61 189 ) ( 62 190 ) ( 63 191 ) ( 64 192 ) ( 65 193 ) ( 66 194 ) ( 67 195 ) ( 68 196 ) ( 69 197 ) ( 70 198 ) ( 71 199 ) ( 72 200 ) ( 73 201 ) ( 74 202 ) ( 75 203 ) ( 76 204 ) ( 77 205 ) ( 78 206 ) ( 79 207 ) ( 80 208 ) ( 81 209 ) ( 82 210 ) ( 83 211 ) ( 84 212 ) ( 85 213 ) ( 86 214 ) ( 87 215 ) ( 88 216 ) ( 89 217 ) ( 90 218 ) ( 91 219 ) ( 92 220 ) ( 93 221 ) ( 94 222 ) ( 95 223 ) ( 96 224 ) ( 97 225 ) ( 98 226 ) ( 99 227 ) ( 100 228 ) ( 101 229 ) ( 102 230 ) ( 103 231 ) ( 104 232 ) ( 105 233 ) ( 106 234 ) ( 107 235 ) ( 108 236 ) ( 109 237 ) ( 110 238 ) ( 111 239 ) ( 112 240 ) ( 113 241 ) ( 114 242 ) ( 115 243 ) ( 116 244 ) ( 117 245 ) ( 118 246 ) ( 119 247 ) ( 120 248 ) ( 121 249 ) ( 122 250 ) ( 123 251 ) ( 124 252 ) ( 125 253 ) ( 126 254 ) ( 127 255 )
--------------------------------------------------------------------------------
Level:			2
Size:			512 kB
Cache groups:		( 0 128 ) ( 1 129 ) ( 2 130 ) ( 3 131 ) ( 4 132 ) ( 5 133 ) ( 6 134 ) ( 7 135 ) ( 8 136 ) ( 9 137 ) ( 10 138 ) ( 11 139 ) ( 12 140 ) ( 13 141 ) ( 14 142 ) ( 15 143 ) ( 16 144 ) ( 17 145 ) ( 18 146 ) ( 19 147 ) ( 20 148 ) ( 21 149 ) ( 22 150 ) ( 23 151 ) ( 24 152 ) ( 25 153 ) ( 26 154 ) ( 27 155 ) ( 28 156 ) ( 29 157 ) ( 30 158 ) ( 31 159 ) ( 32 160 ) ( 33 161 ) ( 34 162 ) ( 35 163 ) ( 36 164 ) ( 37 165 ) ( 38 166 ) ( 39 167 ) ( 40 168 ) ( 41 169 ) ( 42 170 ) ( 43 171 ) ( 44 172 ) ( 45 173 ) ( 46 174 ) ( 47 175 ) ( 48 176 ) ( 49 177 ) ( 50 178 ) ( 51 179 ) ( 52 180 ) ( 53 181 ) ( 54 182 ) ( 55 183 ) ( 56 184 ) ( 57 185 ) ( 58 186 ) ( 59 187 ) ( 60 188 ) ( 61 189 ) ( 62 190 ) ( 63 191 ) ( 64 192 ) ( 65 193 ) ( 66 194 ) ( 67 195 ) ( 68 196 ) ( 69 197 ) ( 70 198 ) ( 71 199 ) ( 72 200 ) ( 73 201 ) ( 74 202 ) ( 75 203 ) ( 76 204 ) ( 77 205 ) ( 78 206 ) ( 79 207 ) ( 80 208 ) ( 81 209 ) ( 82 210 ) ( 83 211 ) ( 84 212 ) ( 85 213 ) ( 86 214 ) ( 87 215 ) ( 88 216 ) ( 89 217 ) ( 90 218 ) ( 91 219 ) ( 92 220 ) ( 93 221 ) ( 94 222 ) ( 95 223 ) ( 96 224 ) ( 97 225 ) ( 98 226 ) ( 99 227 ) ( 100 228 ) ( 101 229 ) ( 102 230 ) ( 103 231 ) ( 104 232 ) ( 105 233 ) ( 106 234 ) ( 107 235 ) ( 108 236 ) ( 109 237 ) ( 110 238 ) ( 111 239 ) ( 112 240 ) ( 113 241 ) ( 114 242 ) ( 115 243 ) ( 116 244 ) ( 117 245 ) ( 118 246 ) ( 119 247 ) ( 120 248 ) ( 121 249 ) ( 122 250 ) ( 123 251 ) ( 124 252 ) ( 125 253 ) ( 126 254 ) ( 127 255 )
--------------------------------------------------------------------------------
Level:			3
Size:			32 MB
Cache groups:		( 0 128 1 129 2 130 3 131 4 132 5 133 6 134 7 135 ) ( 8 136 9 137 10 138 11 139 12 140 13 141 14 142 15 143 ) ( 16 144 17 145 18 146 19 147 20 148 21 149 22 150 23 151 ) ( 24 152 25 153 26 154 27 155 28 156 29 157 30 158 31 159 ) ( 32 160 33 161 34 162 35 163 36 164 37 165 38 166 39 167 ) ( 40 168 41 169 42 170 43 171 44 172 45 173 46 174 47 175 ) ( 48 176 49 177 50 178 51 179 52 180 53 181 54 182 55 183 ) ( 56 184 57 185 58 186 59 187 60 188 61 189 62 190 63 191 ) ( 64 192 65 193 66 194 67 195 68 196 69 197 70 198 71 199 ) ( 72 200 73 201 74 202 75 203 76 204 77 205 78 206 79 207 ) ( 80 208 81 209 82 210 83 211 84 212 85 213 86 214 87 215 ) ( 88 216 89 217 90 218 91 219 92 220 93 221 94 222 95 223 ) ( 96 224 97 225 98 226 99 227 100 228 101 229 102 230 103 231 ) ( 104 232 105 233 106 234 107 235 108 236 109 237 110 238 111 239 ) ( 112 240 113 241 114 242 115 243 116 244 117 245 118 246 119 247 ) ( 120 248 121 249 122 250 123 251 124 252 125 253 126 254 127 255 )
--------------------------------------------------------------------------------
********************************************************************************
NUMA Topology
********************************************************************************
NUMA domains:		8
--------------------------------------------------------------------------------
Domain:			0
Processors:		( 0 128 1 129 2 130 3 131 4 132 5 133 6 134 7 135 8 136 9 137 10 138 11 139 12 140 13 141 14 142 15 143 )
Distances:		10 12 12 12 32 32 32 32
Free memory:		61971.3 MB
Total memory:		63796.2 MB
--------------------------------------------------------------------------------
Domain:			1
Processors:		( 16 144 17 145 18 146 19 147 20 148 21 149 22 150 23 151 24 152 25 153 26 154 27 155 28 156 29 157 30 158 31 159 )
Distances:		12 10 12 12 32 32 32 32
Free memory:		60300.1 MB
Total memory:		64504.1 MB
--------------------------------------------------------------------------------
Domain:			2
Processors:		( 32 160 33 161 34 162 35 163 36 164 37 165 38 166 39 167 40 168 41 169 42 170 43 171 44 172 45 173 46 174 47 175 )
Distances:		12 12 10 12 32 32 32 32
Free memory:		62653 MB
Total memory:		64504.1 MB
--------------------------------------------------------------------------------
Domain:			3
Processors:		( 48 176 49 177 50 178 51 179 52 180 53 181 54 182 55 183 56 184 57 185 58 186 59 187 60 188 61 189 62 190 63 191 )
Distances:		12 12 12 10 32 32 32 32
Free memory:		63356.5 MB
Total memory:		64492.1 MB
--------------------------------------------------------------------------------
Domain:			4
Processors:		( 64 192 65 193 66 194 67 195 68 196 69 197 70 198 71 199 72 200 73 201 74 202 75 203 76 204 77 205 78 206 79 207 )
Distances:		32 32 32 32 10 12 12 12
Free memory:		62416.5 MB
Total memory:		64504.1 MB
--------------------------------------------------------------------------------
Domain:			5
Processors:		( 80 208 81 209 82 210 83 211 84 212 85 213 86 214 87 215 88 216 89 217 90 218 91 219 92 220 93 221 94 222 95 223 )
Distances:		32 32 32 32 12 10 12 12
Free memory:		60377.8 MB
Total memory:		64504.1 MB
--------------------------------------------------------------------------------
Domain:			6
Processors:		( 96 224 97 225 98 226 99 227 100 228 101 229 102 230 103 231 104 232 105 233 106 234 107 235 108 236 109 237 110 238 111 239 )
Distances:		32 32 32 32 12 12 10 12
Free memory:		62203 MB
Total memory:		64504.1 MB
--------------------------------------------------------------------------------
Domain:			7
Processors:		( 112 240 113 241 114 242 115 243 116 244 117 245 118 246 119 247 120 248 121 249 122 250 123 251 124 252 125 253 126 254 127 255 )
Distances:		32 32 32 32 12 12 12 10
Free memory:		61340.2 MB
Total memory:		64494.1 MB
--------------------------------------------------------------------------------
